100 100
101 101
102 102
103 103
104 104
105 105
106 106
107 107
108 108
110 110
111 111
112 112
114 114
115 115
116 116
117 117
118 118
119 119
120 120
122 122
123 123
124 124
125 125
126 126
128 128
129 129
130 130
132 132
133 133
134 134
135 135
136 136
138 138
140 140
141 141
142 142
144 144
145 145
146 146
147 147
148 148
150 150
152 152
153 153
154 154
155 155
156 156
158 158
159 159
160 160
161 161
162 162
164 164
165 165
166 166
168 168
170 170
171 171
172 172
174 174
175 175
176 176
177 177
178 178
180 180
182 182
183 183
184 184
185 185
186 186
188 188
189 189
190 190
192 192
194 194
195 195
196 196
198 198
200 200
201 201
203 203
204 204
205 205
207 207
208 208
210 210
212 212
213 213
215 215
216 216
217 217
219 219
220 220
222 222
224 224
225 225
228 228
230 230
231 231
232 232
234 234
235 235
236 236
237 237
238 238
240 240
243 243
244 244
245 245
246 246
248 248
249 249
250 250
252 252
255 255
256 256
258 258
259 259
260 260
261 261
264 264
265 265
266 266
267 267
268 268
270 270
272 272
273 273
275 275
276 276
279 279
280 280
282 282
284 284
285 285
287 287
288 288
290 290
291 291
292 292
294 294
295 295
296 296
297 297
300 300
301 301
304 304
305 305
306 306
308 308
310 310
312 312
315 315
316 316
318 318
320 320
322 322
324 324
325 325
328 328
329 329
330 330
332 332
333 333
335 335
336 336
340 340
342 342
343 343
344 344
345 345
348 348
350 350
351 351
352 352
354 354
355 355
356 356
357 357
360 360
364 364
365 365
366 366
368 368
369 369
370 370
371 371
372 372
375 375
376 376
378 378
380 380
384 384
385 385
387 387
388 388
390 390
392 392
395 395
396 396
399 399
400 400
402 402
405 405
406 406
408 408
410 410
413 413
414 414
415 415
416 416
420 420
423 423
424 424
425 425
426 426
427 427
430 430
432 432
434 434
435 435
438 438
440 440
441 441
444 444
445 445
448 448
450 450
455 455
456 456
459 459
460 460
462 462
464 464
465 465
468 468
469 469
470 470
472 472
474 474
475 475
476 476
477 477
480 480
483 483
485 485
486 486
488 488
490 490
492 492
495 495
496 496
497 497
498 498
504 504
510 510
511 511
512 512
513 513
516 516
518 518
520 520
522 522
525 525
528 528
531 531
532 532
534 534
536 536
539 539
540 540
544 544
546 546
549 549
552 552
553 553
558 558
560 560
564 564
567 567
568 568
570 570
574 574
576 576
581 581
582 582
584 584
585 585
588 588
592 592
594 594
595 595
600 600
602 602
603 603
608 608
609 609
612 612
616 616
621 621
623 623
624 624
630 630
632 632
637 637
639 639
640 640
644 644
648 648
651 651
656 656
657 657
658 658
664 664
665 665
666 666
672 672
675 675
679 679
680 680
684 684
686 686
688 688
693 693
696 696
702 702
704 704
711 711
712 712
720 720
728 728
729 729
736 736
738 738
744 744
747 747
752 752
756 756
760 760
765 765
768 768
774 774
776 776
783 783
784 784
792 792
801 801
810 810
819 819
828 828
837 837
846 846
855 855
864 864
873 873
882 882
891 891
